0700000253233

0700000253233


0700000253233


32323182255246070


0710000253233


0710000253233


0710000253233


0710000253233


0710000253233


0710000253233


0710000253233


0710000253233


0710000253233


0710000253233


32323182255245071


0720000253233


0720000253233


0720000253233


0720000253233


0720000253233


007208720800


007208720800


007208720800


007208720800


007208720800


007208720800


007208720800


007208720800


007208720800


32323183223278


017208720800


017208720800


017208720800


017208720800


017208720800


017208720800


017208720800


017208720800


017208720800


017208720800


32323183223278


02000000


02000000


02000000


02000000


02000000


02000000


02000000


02000000


02000000


02000000


32323183223278


03000000


03000000


03000000


03000000


03000000


03000000


03000000


03000000


03000000


03000000


32323183223278


04000000


04000000


04000000


04000000


04000000


04000000


04000000


04000000


04000000


04000000


32323183223278


05000000


05000000


05000000


05000000


05000000


05000000


05000000


05000000


05000000


05000000


32323183223278


06000000


06000000


06000000


06000000


06000000


06000000


06000000


06000000


06000000


06000000


32323183223478


07000000


07000000


07000000


07000000



07000000


07000000


07000000


07000000


07000000


07000000


32323183223478


08000000


08000000


08000000


08000000


08000000


08000000


08000000


08000000


08000000


08000000


32323183223478


09000000


09000000


09000000


09000000


09000000


09000000


09000000


09000000


09000000


09000000


32323183223478


010000000


010000000


010000000


010000000


010000000


010000000


010000000


010000000


010000000


010000000


32323183223478


011000000


011000000


011000000


011000000


011000000


011000000


011000000


011000000


011000000


011000000


32323183223478


012000000


012000000


012000000


012000000


012000000


012000000


012000000


012000000


012000000


012000000


32323183223478


013000000


013000000


013000000


013000000


013000000


013000000


013000000


013000000


013000000


013000000


32323183223478


014000000


014000000


014000000


014000000


014000000


014000000


014000000


014000000


014000000


014000000


32323183223478


015000000


015000000


015000000


015000000


015000000


015000000


015000000


015000000


015000000


015000000


32323183223478


016000000


016000000


016000000


016000000


016000000


016000000


016000000


016000000


016000000


016000000


32323183223478


017000000


017000000


017000000


017000000


017000000


017000000


017000000


017000000


017000000


017000000


32323183223378


018000000


018000000


018000000


018000000


018000000


018000000


018000000


018000000


018000000


018000000


32323183223378


019000000


019000000


019000000


019000000


019000000


019000000


019000000


019000000


019000000


019000000


32323183223378


020000000


020000000


020000000


020000000


020000000


020000000


020000000


020000000


020000000


020000000


32323183223178


021000000


021000000


021000000


021000000


021000000


021000000


021000000


021000000


021000000


021000000


32323183223178


022000000


022000000


022000000


022000000


022000000


022000000


022000000


022000000


022000000


022000000


32323183223178


023000000


023000000


023000000


023000000


023000000


023000000


023000000


023000000


023000000


023000000


32323183223078


024000000


024000000


024000000


024000000


024000000


024000000


024000000


024000000


024000000


024000000


32323183222878


025000000


025000000


025000000


025000000


025000000


025000000


025000000


025000000


025000000


025000000


32323183222878


026000000


026000000


026000000


026000000


026000000


026000000


026000000


026000000


026000000


026000000


32323183222878
 

027000000
 

027000000
 

027000000
 

027000000
 

027000000
 

027000000
 

027000000
 

027000000
 

027000000
 

027000000
 

32323183222878
 

028000000
 

028000000
 

028000000
 

028000000
 

028000000
 

028000000
 

028000000
 

028000000
 

028000000
 

028000000
 

32323183222778
 

029000000
 

029000000
 

029000000
 

029000000



029000000


029000000


029000000


029000000


029000000


029000000


32323183222778


030000000


030000000


030000000


030000000


030000000


030000000


030000000


030000000


030000000


030000000


32323183222778


031000000


031000000


031000000


031000000


031000000


031000000


031000000


031000000


031000000


031000000


32323183222778


032000000


032000000


032000000


032000000


032000000


032000000


032000000


032000000


032000000


032000000


32323183222778


033000000


033000000


033000000


033000000


033000000


033000000


033000000


033000000


033000000


033000000


32323183222578


034000000


034000000


034000000


034000000


034000000


034000000


034000000


034000000


034000000


034000000


32323183222578


035000000


035000000


035000000


035000000


035000000


035000000


035000000


035000000


035000000


035000000


32323183222578


036000000


036000000


036000000


036000000


036000000


036000000


036000000


036000000


036000000


036000000


32323183222578


037000000


037000000


037000000


037000000


037000000


037000000


037000000


037000000


037000000


037000000


32323183222578


038000000


038000000


038000000


038000000


038000000


038000000


038000000


038000000


038000000


038000000


32323183222578


039000000


039000000


039000000


039000000


039000000


039000000


039000000


039000000


039000000


039000000


32323183222578


040000000


040000000


040000000


040000000


040000000


040000000


040000000


040000000


040000000


040000000


32323183222578


041000000


041000000


041000000


041000000


041000000


041000000


041000000


041000000


041000000


041000000


32323183222578


042000000


042000000


042000000


042000000


042000000


042000000


042000000


042000000


042000000


042000000


32323183222578


043000000


043000000


043000000


043000000


043000000


043000000


043000000


043000000


043000000


043000000
 

32323183222678
 

044000000
 

044000000
 

044000000
 

044000000
 

044000000
 

044000000
 

044000000
 

044000000
 

044000000
 

044000000
 

32323183222678
 

045000000
 

045000000
 

045000000
 

045000000
 

045000000
 

045000000
 

045000000
 

045000000
 

045000000
 

045000000
 

32323183222678
 

046000000
 

046000000
 

046000000
 

046000000
 

046000000
 

046000000
 

046000000
 

046000000
 

046000000
 

046000000
 

32323183222878
 

047000000
 

047000000
 

047000000
 

047000000
 


047000000


047000000


047000000


047000000


047000000


047000000


32323183222878


048000000


048000000


048000000


048000000


048000000


048000000


048000000


048000000


048000000


048000000


32323183222878


049000000


049000000


049000000


049000000


049000000



049000000


049000000


049000000


049000000


049000000


32323183222878


050000000


050000000


050000000


050000000


050000000


050000000


050000000


050000000


050000000


050000000


32323183222878


051000000


051000000


051000000


051000000


051000000


051000000


051000000


051000000


051000000


051000000


32323183222778


052000000


052000000


052000000


052000000


052000000


052000000


052000000


052000000


052000000


052000000


32323183222778


053000000


053000000


053000000


053000000


053000000


053000000


053000000


053000000


053000000


053000000


32323183222778


054000000


054000000


054000000


054000000


054000000


054000000


054000000


054000000


054000000


054000000


32323183222578


055000000


055000000


055000000


055000000


055000000


055000000


055000000


055000000


055000000


055000000


32323183222578


056000000


056000000


056000000


056000000


056000000


056000000


056000000


056000000


056000000


056000000


32323183222578


057000000


057000000


057000000


057000000


057000000


057000000


057000000


057000000


057000000


057000000


32323183222378


058000000


058000000


058000000


058000000


058000000


058000000


058000000


058000000


058000000


059000000


32323183222378


059000000


059000000


059000000


059000000


059000000


059000000


059000000


059000000


059000000


060000000


32323183222378


060000000


060000000


060000000


060000000


060000000


060000000


060000000


060000000


060000000


061000000


32323183222378


061000000


061000000


061000000


061000000


061000000


061000000


061000000


061000000

 
 
 061000000
 
 
 062000000
 
 
 32323183222378
 
 
 062000000
 
 
 062000000
 
 
 062000000
 
 
 062000000
 
 
 062000000
 
 
 062000000
 
 
 062000000
 
 
 062000000
 
 
 062000000
 
 
 063000000
 
 
 32323183222378
 
 
 063000000
 
 
 063000000
 
 
 063000000
 
 
 063000000
 
 
 063000000
 
 
 063000000
 
 
 063000000
 
 
 063000000
 
 
 063000000
 
 
 32323183222278
 
 
 064000000
 
 
 064000000
 
 
 064000000
 
 
 064000000
 
 
 064000000
 
 
 064000000
 
 
 064000000
 
 
 064000000
 
 
 064000000
 
 
 064000000
 
 
 32323183222278
 
 
 065000000
 
 
 065000000
 
 
 065000000
 
 
 065000000
 
 
 065000000
 
 
 065000000
 
 
 065000000
 
 
 065000000
 
 
 065000000
 
 
 065000000
 
 
 32323183222278
 
 
 066000000
 
 
 066000000
 
 
 066000000
 
 
 066000000
 
 
 066000000
 
 
 066000000
 
 
 066000000
 
 
 066000000
 
 
 066000000
 
 
 066000000
 
 
 32323183222278
 
 
 067000000
 
 
 067000000
 
 
 067000000
 
 
 067000000
 
 
 067000000
 
 
 067000000
 
 
 067000000
 
 
 067000000
 
 
 067000000
 
 
 067000000
 
 
 32323183222278
 
 
 068000000
 
 
 068000000
 
 
 068000000
 
 
 068000000
 
 
 068000000
 
 
 068000000
 
 
 068000000
 
 
 068000000
 
 
 068000000
 
 
 068000000
 
 
 32323183222278
 
 
 069000000
 
 
 069000000
 
 
 069000000
 
 
 069000000
 
 
 069000000
 
 
 069000000
 
 
 069000000
 
 
 069000000
 
 
 069000000
 
 
 069000000
 
 
 32323183222078
 
 
 070000000
 
 
 070000000
 
 
 070000000
 
 
 070000000
 
 
 070000000
 
 
 070000000
 
 
 070000000
 
 
 070000000
 
 
 070000000
 
 
 070000000
 
 
 32323183222078
 
 
 071000000
 
 
 071000000
 
 
 071000000
 
 
 071000000
 
 
 071000000
 
 
 071000000
 
 
 071000000
 
 
 071000000
 
 
 071000000
 
 
 071000000
 
 
 32323183222078
 
 
 072000000
 
 
 072000000
 
 
 072000000
 
 
 072000000
 
 
 072000000
 
 
 072000000
 
 
 072000000
 
 
 072000000
 
 
 072000000
 
 
 072000000
 
 
 32323183222078
 
 
 073000000
 
 
 073000000
 
 
 073000000
 
 
 073000000
 
 
 073000000
 
 
 073000000
 
 
 073000000
 
 
 073000000
 
 
 073000000
 
 
 0730000194
 
 
 3232366222078
 
 
 07414014011163
 
 
 07413913920222
 
 
 074134713472385
 
 
 074122251222523130
 
 
 074131621316224170
 
 
 07412206122062517
 
 
 074139413942473
 
 
 074121151211523229
 
 
 0741296129624110
 
 
 07412214122142468
 
 
 32322255222078
 
 
 0751322132222189
 
 
 0751214121423151
 
 
 07512166121662334
 
 
 075112271122721189
 
 
 075123912392162
 
 
 075112481124817100
 
 
 0751236123617109
 
 
 07512193121931699
 
 
 075112271122719129
 
 
 075112071120720175
 
 
 3232341221978
 
 
 076121521215222164
 
 
 076111511115123135
 
 
 076124112412387
 
 
 076121351213517126
 
 
 07612152121521894
 
 
 0761190119014227
 
 
 076128912891599
 
 
 076127212722018
 
 
 0761149114922214
 
 
 07611241112412263
 
 
 323231221978
 
 
 0771129112921158
 
 
 077119311932168
 
 
 077112471124721158
 
 
 07710251102512291
 
 
 077112051120523155
 
 
 0771114111423204
 
 
 07711173111732316
 
 
 077123812382159
 
 
 0771137113722153
 
 
 07711199111992395
 
 
 3232336221978
 
 
 07811169111692390
